Solucion:
x0 = 0, y0 = 1
x0 = 0.01000, y0 = 0.99000
x1 = 0.02000, y1 = 0.97990
x2 = 0.03000, y2 = 0.96971
x3 = 0.04000, y3 = 0.95942
x4 = 0.05000, y4 = 0.94905
x5 = 0.06000, y5 = 0.93859
x6 = 0.07000, y6 = 0.92805
x7 = 0.08000, y7 = 0.91744
x8 = 0.09000, y8 = 0.90675
x9 = 0.10000, y9 = 0.89599
