Solucion:
x0 = 0, y0 = 1
x1 = 0.10000, y1 = 1.00000
x2 = 0.20000, y2 = 1.01516
x3 = 0.30000, y3 = 1.04091
x4 = 0.40000, y4 = 1.07802
x5 = 0.50000, y5 = 1.12765
x6 = 0.60000, y6 = 1.19139
x7 = 0.70000, y7 = 1.27133
x8 = 0.80000, y8 = 1.37022
x9 = 0.90000, y9 = 1.49156
x10 = 1.00000, y10 = 1.63988
