Solucion:
x0 = 0, y0 = 1
x0 = 0.20000, y0 = 1.00000
x1 = 0.40000, y1 = 0.92000
x2 = 0.60000, y2 = 0.77280
x3 = 0.80000, y3 = 0.58733
x4 = 1.00000, y4 = 0.39938
